{
 "cells": [
  {
   "cell_type": "code",
   "execution_count": null,
   "id": "0a59ff8a",
   "metadata": {},
   "outputs": [],
   "source": [
    "import numpy as np\n",
    "import pandas as pd\n",
    "\n",
    "# component names (you can rename)\n",
    "components = [\"CMC\", \"PEG\", \"Glycerol\", \"Water\", \"BaTiO3\"]\n",
    "\n",
    "# number of mixtures\n",
    "n_mixtures = 1000000\n",
    "\n",
    "# set the seed\n",
    "np.random.seed(42)\n",
    "\n",
    "# generate random compositions\n",
    "data = []\n",
    "for _ in range(n_mixtures):\n",
    "    # random 4 values that sum to less than 100\n",
    "    parts = np.random.rand(5)\n",
    "    parts = parts / parts.sum() * 100\n",
    "\n",
    "    data.append(list(parts))\n",
    "\n",
    "# make DataFrame\n",
    "df_uniformly_random = pd.DataFrame(data, columns=components)"
   ]
  },
  {
   "cell_type": "code",
   "execution_count": null,
   "id": "042c124f",
   "metadata": {},
   "outputs": [],
   "source": [
    "accepted_limits_total = {\"BaTiO3\": (55, 80)}\n",
    "\n",
    "accepted_limits_in_parts = {\n",
    "    \"CMC\": (0.01, 3, \"Water\"),\n",
    "}\n",
    "\n",
    "\n",
    "# filter according to limits\n",
    "for component, (min_val, max_val) in accepted_limits_total.items():\n",
    "    df_uniformly_random = df_uniformly_random[\n",
    "        (df_uniformly_random[component] >= min_val)\n",
    "        & (df_uniformly_random[component] <= max_val)\n",
    "    ]\n",
    "\n",
    "for component, (min_val, max_val, ref_component) in accepted_limits_in_parts.items():\n",
    "    df_uniformly_random = df_uniformly_random[\n",
    "        (df_uniformly_random[component] / df_uniformly_random[ref_component] *100 >= min_val)\n",
    "        & \n",
    "        (df_uniformly_random[component] / df_uniformly_random[ref_component] *100 <= max_val\n",
    "        )\n",
    "    ]"
   ]
  },
  {
   "cell_type": "code",
   "execution_count": null,
   "id": "0461fb30",
   "metadata": {},
   "outputs": [],
   "source": [
    "df_uniformly_random.to_excel(\"uniformly_random_mixtures\", index=False)"
   ]
  },
  {
   "cell_type": "code",
   "execution_count": null,
   "id": "8a8f94d4",
   "metadata": {},
   "outputs": [
    {
     "data": {
      "application/vnd.microsoft.datawrangler.viewer.v0+json": {
       "columns": [
        {
         "name": "index",
         "rawType": "int64",
         "type": "integer"
        },
        {
         "name": "CMC",
         "rawType": "float64",
         "type": "float"
        },
        {
         "name": "PEG",
         "rawType": "float64",
         "type": "float"
        },
        {
         "name": "Glycerol",
         "rawType": "float64",
         "type": "float"
        },
        {
         "name": "Water",
         "rawType": "float64",
         "type": "float"
        },
        {
         "name": "BaTiO3",
         "rawType": "float64",
         "type": "float"
        }
       ],
       "ref": "d94f39e6-dafc-4c24-b1e6-5152900bbf7b",
       "rows": [
        [
         "9674",
         "0.4404198862235055",
         "1.9051653733936451",
         "15.549096167374474",
         "24.39433075978451",
         "57.710987813223866"
        ],
        [
         "11685",
         "0.004486976267637739",
         "13.075653364178663",
         "3.549081525414303",
         "15.598057583066927",
         "67.77272055107247"
        ],
        [
         "22283",
         "0.02570910822978512",
         "19.680001261136994",
         "3.91774178272706",
         "2.22525966207303",
         "74.15128818583312"
        ],
        [
         "28387",
         "0.13506209285224227",
         "6.48048140957391",
         "8.07393569502303",
         "27.04077421442182",
         "58.26974658812899"
        ],
        [
         "41306",
         "0.022556399477898934",
         "4.56788751213816",
         "0.7817135793558385",
         "35.61671817017036",
         "59.01112433885775"
        ],
        [
         "59286",
         "0.38777979291088316",
         "3.8232722685709692",
         "11.864995673328217",
         "16.87319971761106",
         "67.05075254757887"
        ],
        [
         "71555",
         "0.13320485493416762",
         "7.5070668068139685",
         "16.20822997059722",
         "12.811825643152702",
         "63.33967272450194"
        ],
        [
         "85053",
         "0.7181029089699378",
         "12.433466886360725",
         "2.418729293034593",
         "28.984693218069758",
         "55.445007693564975"
        ],
        [
         "87979",
         "0.0619517165826934",
         "16.763590983430188",
         "8.784310292427019",
         "12.227464134006603",
         "62.1626828735535"
        ],
        [
         "91412",
         "0.11412067786185338",
         "22.925372006358106",
         "11.408674298642197",
         "8.483617034612248",
         "57.068215982525594"
        ],
        [
         "93168",
         "0.38294810739645413",
         "11.168246667331513",
         "5.399569915212811",
         "26.664092114538292",
         "56.385143195520925"
        ],
        [
         "105802",
         "0.37158585297696556",
         "6.737021019725893",
         "4.248409000129434",
         "29.245760981957325",
         "59.397223145210376"
        ],
        [
         "115574",
         "0.3208666731144325",
         "15.812244618181692",
         "0.9734600103326555",
         "14.513831608317954",
         "68.37959709005325"
        ],
        [
         "116137",
         "0.0339997789917311",
         "20.8383868776988",
         "8.30279131407695",
         "2.556779158029168",
         "68.26804287120333"
        ],
        [
         "148115",
         "0.4748394514657252",
         "6.837442182248231",
         "6.873189872218627",
         "28.30278683910218",
         "57.51174165496524"
        ],
        [
         "153016",
         "0.07548750794985688",
         "2.508879359310259",
         "29.966271735631704",
         "9.891569036865206",
         "57.55779236024298"
        ],
        [
         "159260",
         "0.37553137773298123",
         "20.66258958310827",
         "2.043212964329088",
         "19.66911729174054",
         "57.24954878308911"
        ],
        [
         "164437",
         "0.05607535063730279",
         "20.35180345031641",
         "17.553160371132428",
         "4.068690878339978",
         "57.97026994957388"
        ],
        [
         "169941",
         "0.17972954931247798",
         "21.672424613799933",
         "10.93906440063055",
         "10.651670253850245",
         "56.55711118240679"
        ],
        [
         "191732",
         "0.10001586254462629",
         "11.578829213226276",
         "2.366417803094234",
         "6.896755229579507",
         "79.05798189155536"
        ],
        [
         "198895",
         "0.16274100839234595",
         "9.828007772388055",
         "19.734737839594292",
         "11.35860081002526",
         "58.91591256960004"
        ],
        [
         "212425",
         "0.9572764569443168",
         "6.889761829717428",
         "0.881038222937603",
         "34.88096428445671",
         "56.39095920594394"
        ],
        [
         "218338",
         "0.7308940349248139",
         "2.2240245186110683",
         "1.132773627022605",
         "29.85622565718079",
         "66.05608216226071"
        ],
        [
         "220742",
         "0.20677600386874864",
         "1.5211202265110417",
         "8.448069431318144",
         "23.555322156464857",
         "66.26871218183722"
        ],
        [
         "232782",
         "0.1132099654836268",
         "15.432535216674593",
         "14.871924121873562",
         "5.82793790503853",
         "63.75439279092969"
        ],
        [
         "235965",
         "0.10194627540801215",
         "6.656033757884444",
         "8.056455038058528",
         "24.361539420206288",
         "60.82402550844272"
        ],
        [
         "249277",
         "0.5254538051147893",
         "0.945540671188402",
         "14.980633835445792",
         "25.58431456685112",
         "57.96405712139989"
        ],
        [
         "253125",
         "0.6963589632242236",
         "3.255873735863879",
         "7.504803632485121",
         "29.81319978778349",
         "58.72976388064328"
        ],
        [
         "266330",
         "0.727790305806381",
         "12.908844311016079",
         "1.3735248313625814",
         "26.322348676644207",
         "58.66749187517076"
        ],
        [
         "271463",
         "0.15804815080937562",
         "4.493702753189594",
         "16.738095267138448",
         "14.76678102505524",
         "63.84337280380734"
        ],
        [
         "286458",
         "0.5648329678187263",
         "4.118807534750566",
         "7.416147835500018",
         "24.275449380807068",
         "63.62476228112362"
        ],
        [
         "292064",
         "0.11514932187006502",
         "5.737579815539713",
         "12.987630263802433",
         "15.879152008256298",
         "65.28048859053149"
        ],
        [
         "301869",
         "0.12198426042573951",
         "17.192783722280424",
         "7.834087038465409",
         "19.53078555954108",
         "55.320359419287335"
        ],
        [
         "307545",
         "0.38749607921191387",
         "15.248413407217996",
         "12.101505154579657",
         "16.021980787842985",
         "56.24060457114744"
        ],
        [
         "312745",
         "0.7400264607730229",
         "3.3601458769971164",
         "3.5888555065365217",
         "33.628672016462076",
         "58.68230013923126"
        ],
        [
         "336710",
         "0.5118660207439787",
         "9.876835674105939",
         "1.2552911497047898",
         "31.44819139571898",
         "56.90781575972632"
        ],
        [
         "346071",
         "0.2010808926587992",
         "23.35453924381869",
         "7.3191916206513925",
         "8.167836246059634",
         "60.95735199681148"
        ],
        [
         "346504",
         "0.246897044843849",
         "0.7042052247284324",
         "34.349125023217645",
         "9.376725827991564",
         "55.323046879218495"
        ],
        [
         "364678",
         "0.2099616352375817",
         "22.816049554600465",
         "11.998215657915983",
         "7.382533245996268",
         "57.59323990624971"
        ],
        [
         "368332",
         "0.021687787134415548",
         "15.917814943675651",
         "4.752221728886619",
         "19.097644247343464",
         "60.21063129295986"
        ],
        [
         "374850",
         "0.20734054708779348",
         "1.7208399119037623",
         "22.9559945236093",
         "18.273853074759028",
         "56.841971942640114"
        ],
        [
         "377870",
         "0.734534398487131",
         "9.121365280306286",
         "5.77331516941801",
         "27.976307596544064",
         "56.39447755524451"
        ],
        [
         "392296",
         "0.779282750265857",
         "8.160059844637663",
         "0.17946973339944144",
         "31.42098861656759",
         "59.46019905512945"
        ],
        [
         "429958",
         "0.06999264652856714",
         "22.303345864038494",
         "12.196032213582866",
         "8.845929606023718",
         "56.58469966982636"
        ],
        [
         "440534",
         "0.22906437813581068",
         "6.020994487698519",
         "18.167254670203924",
         "20.09881872990492",
         "55.483867734056815"
        ],
        [
         "457977",
         "0.38314055375880807",
         "11.943420741473496",
         "11.325651446351781",
         "16.28026391922334",
         "60.067523339192576"
        ],
        [
         "474206",
         "0.022445688946929727",
         "12.184204655070484",
         "7.399441550273608",
         "1.8836417503134422",
         "78.51026635539553"
        ],
        [
         "485177",
         "0.32431851906651443",
         "5.438908750610573",
         "6.646883212228862",
         "17.2159925814945",
         "70.37389693659955"
        ],
        [
         "502479",
         "0.12101112252277764",
         "8.30090681288227",
         "9.015344819062717",
         "17.877403232089865",
         "64.68533401344236"
        ],
        [
         "518088",
         "0.3719979038465462",
         "3.8593483409674714",
         "13.41614713694415",
         "14.591705685134745",
         "67.76080093310709"
        ]
       ],
       "shape": {
        "columns": 5,
        "rows": 95
       }
      },
      "text/html": [
       "<div>\n",
       "<style scoped>\n",
       "    .dataframe tbody tr th:only-of-type {\n",
       "        vertical-align: middle;\n",
       "    }\n",
       "\n",
       "    .dataframe tbody tr th {\n",
       "        vertical-align: top;\n",
       "    }\n",
       "\n",
       "    .dataframe thead th {\n",
       "        text-align: right;\n",
       "    }\n",
       "</style>\n",
       "<table border=\"1\" class=\"dataframe\">\n",
       "  <thead>\n",
       "    <tr style=\"text-align: right;\">\n",
       "      <th></th>\n",
       "      <th>CMC</th>\n",
       "      <th>PEG</th>\n",
       "      <th>Glycerol</th>\n",
       "      <th>Water</th>\n",
       "      <th>BaTiO3</th>\n",
       "    </tr>\n",
       "  </thead>\n",
       "  <tbody>\n",
       "    <tr>\n",
       "      <th>9674</th>\n",
       "      <td>0.440420</td>\n",
       "      <td>1.905165</td>\n",
       "      <td>15.549096</td>\n",
       "      <td>24.394331</td>\n",
       "      <td>57.710988</td>\n",
       "    </tr>\n",
       "    <tr>\n",
       "      <th>11685</th>\n",
       "      <td>0.004487</td>\n",
       "      <td>13.075653</td>\n",
       "      <td>3.549082</td>\n",
       "      <td>15.598058</td>\n",
       "      <td>67.772721</td>\n",
       "    </tr>\n",
       "    <tr>\n",
       "      <th>22283</th>\n",
       "      <td>0.025709</td>\n",
       "      <td>19.680001</td>\n",
       "      <td>3.917742</td>\n",
       "      <td>2.225260</td>\n",
       "      <td>74.151288</td>\n",
       "    </tr>\n",
       "    <tr>\n",
       "      <th>28387</th>\n",
       "      <td>0.135062</td>\n",
       "      <td>6.480481</td>\n",
       "      <td>8.073936</td>\n",
       "      <td>27.040774</td>\n",
       "      <td>58.269747</td>\n",
       "    </tr>\n",
       "    <tr>\n",
       "      <th>41306</th>\n",
       "      <td>0.022556</td>\n",
       "      <td>4.567888</td>\n",
       "      <td>0.781714</td>\n",
       "      <td>35.616718</td>\n",
       "      <td>59.011124</td>\n",
       "    </tr>\n",
       "    <tr>\n",
       "      <th>...</th>\n",
       "      <td>...</td>\n",
       "      <td>...</td>\n",
       "      <td>...</td>\n",
       "      <td>...</td>\n",
       "      <td>...</td>\n",
       "    </tr>\n",
       "    <tr>\n",
       "      <th>917914</th>\n",
       "      <td>0.172842</td>\n",
       "      <td>23.873776</td>\n",
       "      <td>6.284616</td>\n",
       "      <td>6.166343</td>\n",
       "      <td>63.502423</td>\n",
       "    </tr>\n",
       "    <tr>\n",
       "      <th>921458</th>\n",
       "      <td>0.590587</td>\n",
       "      <td>8.686750</td>\n",
       "      <td>1.881826</td>\n",
       "      <td>33.276419</td>\n",
       "      <td>55.564418</td>\n",
       "    </tr>\n",
       "    <tr>\n",
       "      <th>977327</th>\n",
       "      <td>0.110490</td>\n",
       "      <td>10.528222</td>\n",
       "      <td>19.265449</td>\n",
       "      <td>14.564698</td>\n",
       "      <td>55.531142</td>\n",
       "    </tr>\n",
       "    <tr>\n",
       "      <th>979849</th>\n",
       "      <td>0.222971</td>\n",
       "      <td>4.301859</td>\n",
       "      <td>28.142847</td>\n",
       "      <td>10.294590</td>\n",
       "      <td>57.037733</td>\n",
       "    </tr>\n",
       "    <tr>\n",
       "      <th>983500</th>\n",
       "      <td>0.093134</td>\n",
       "      <td>21.812783</td>\n",
       "      <td>5.310122</td>\n",
       "      <td>15.742707</td>\n",
       "      <td>57.041253</td>\n",
       "    </tr>\n",
       "  </tbody>\n",
       "</table>\n",
       "<p>95 rows × 5 columns</p>\n",
       "</div>"
      ],
      "text/plain": [
       "             CMC        PEG   Glycerol      Water     BaTiO3\n",
       "9674    0.440420   1.905165  15.549096  24.394331  57.710988\n",
       "11685   0.004487  13.075653   3.549082  15.598058  67.772721\n",
       "22283   0.025709  19.680001   3.917742   2.225260  74.151288\n",
       "28387   0.135062   6.480481   8.073936  27.040774  58.269747\n",
       "41306   0.022556   4.567888   0.781714  35.616718  59.011124\n",
       "...          ...        ...        ...        ...        ...\n",
       "917914  0.172842  23.873776   6.284616   6.166343  63.502423\n",
       "921458  0.590587   8.686750   1.881826  33.276419  55.564418\n",
       "977327  0.110490  10.528222  19.265449  14.564698  55.531142\n",
       "979849  0.222971   4.301859  28.142847  10.294590  57.037733\n",
       "983500  0.093134  21.812783   5.310122  15.742707  57.041253\n",
       "\n",
       "[95 rows x 5 columns]"
      ]
     },
     "execution_count": 14,
     "metadata": {},
     "output_type": "execute_result"
    }
   ],
   "source": [
    "df_uniformly_random"
   ]
  },
  {
   "cell_type": "code",
   "execution_count": null,
   "id": "5915e03b",
   "metadata": {},
   "outputs": [
    {
     "name": "stdout",
     "output_type": "stream",
     "text": [
      "CMC:Water = 1.8054%\n",
      "CMC:Water = 0.0288%\n",
      "CMC:Water = 1.1553%\n",
      "CMC:Water = 0.4995%\n",
      "CMC:Water = 0.0633%\n",
      "CMC:Water = 2.2982%\n",
      "CMC:Water = 1.0397%\n",
      "CMC:Water = 2.4775%\n",
      "CMC:Water = 0.5067%\n",
      "CMC:Water = 1.3452%\n",
      "CMC:Water = 1.4362%\n",
      "CMC:Water = 1.2706%\n",
      "CMC:Water = 2.2108%\n",
      "CMC:Water = 1.3298%\n",
      "CMC:Water = 1.6777%\n",
      "CMC:Water = 0.7631%\n",
      "CMC:Water = 1.9092%\n",
      "CMC:Water = 1.3782%\n",
      "CMC:Water = 1.6873%\n",
      "CMC:Water = 1.4502%\n",
      "CMC:Water = 1.4328%\n",
      "CMC:Water = 2.7444%\n",
      "CMC:Water = 2.4480%\n",
      "CMC:Water = 0.8778%\n",
      "CMC:Water = 1.9425%\n",
      "CMC:Water = 0.4185%\n",
      "CMC:Water = 2.0538%\n",
      "CMC:Water = 2.3357%\n",
      "CMC:Water = 2.7649%\n",
      "CMC:Water = 1.0703%\n",
      "CMC:Water = 2.3268%\n",
      "CMC:Water = 0.7252%\n",
      "CMC:Water = 0.6246%\n",
      "CMC:Water = 2.4185%\n",
      "CMC:Water = 2.2006%\n",
      "CMC:Water = 1.6276%\n",
      "CMC:Water = 2.4619%\n",
      "CMC:Water = 2.6331%\n",
      "CMC:Water = 2.8440%\n",
      "CMC:Water = 0.1136%\n",
      "CMC:Water = 1.1346%\n",
      "CMC:Water = 2.6256%\n",
      "CMC:Water = 2.4801%\n",
      "CMC:Water = 0.7912%\n",
      "CMC:Water = 1.1397%\n",
      "CMC:Water = 2.3534%\n",
      "CMC:Water = 1.1916%\n",
      "CMC:Water = 1.8838%\n",
      "CMC:Water = 0.6769%\n",
      "CMC:Water = 2.5494%\n",
      "CMC:Water = 1.1343%\n",
      "CMC:Water = 2.6378%\n",
      "CMC:Water = 2.4508%\n",
      "CMC:Water = 0.9301%\n",
      "CMC:Water = 1.5631%\n",
      "CMC:Water = 1.9322%\n",
      "CMC:Water = 0.9808%\n",
      "CMC:Water = 1.5751%\n",
      "CMC:Water = 2.3749%\n",
      "CMC:Water = 1.8248%\n",
      "CMC:Water = 0.9045%\n",
      "CMC:Water = 1.4082%\n",
      "CMC:Water = 1.4744%\n",
      "CMC:Water = 1.0499%\n",
      "CMC:Water = 0.2661%\n",
      "CMC:Water = 1.0369%\n",
      "CMC:Water = 2.7847%\n",
      "CMC:Water = 1.0178%\n",
      "CMC:Water = 1.5025%\n",
      "CMC:Water = 1.6956%\n",
      "CMC:Water = 0.9526%\n",
      "CMC:Water = 2.4362%\n",
      "CMC:Water = 0.9048%\n",
      "CMC:Water = 2.4100%\n",
      "CMC:Water = 1.4201%\n",
      "CMC:Water = 1.2669%\n",
      "CMC:Water = 1.6676%\n",
      "CMC:Water = 1.9052%\n",
      "CMC:Water = 0.4323%\n",
      "CMC:Water = 1.3634%\n",
      "CMC:Water = 0.6761%\n",
      "CMC:Water = 2.5842%\n",
      "CMC:Water = 1.0212%\n",
      "CMC:Water = 0.6273%\n",
      "CMC:Water = 0.3029%\n",
      "CMC:Water = 2.0443%\n",
      "CMC:Water = 1.6506%\n",
      "CMC:Water = 2.4141%\n",
      "CMC:Water = 1.3795%\n",
      "CMC:Water = 2.5482%\n",
      "CMC:Water = 2.8030%\n",
      "CMC:Water = 1.7748%\n",
      "CMC:Water = 0.7586%\n",
      "CMC:Water = 2.1659%\n",
      "CMC:Water = 0.5916%\n"
     ]
    }
   ],
   "source": [
    "for row in df_uniformly_random.itertuples():\n",
    "    cmc_in_water = row.CMC / row.Water *100\n",
    "    print(f\"CMC:Water = {cmc_in_water:.4f}%\")"
   ]
  },
  {
   "cell_type": "code",
   "execution_count": null,
   "id": "92625730",
   "metadata": {},
   "outputs": [
    {
     "name": "stdout",
     "output_type": "stream",
     "text": [
      "9674      0.018054\n",
      "11685     0.000288\n",
      "22283     0.011553\n",
      "28387     0.004995\n",
      "41306     0.000633\n",
      "            ...   \n",
      "917914    0.028030\n",
      "921458    0.017748\n",
      "977327    0.007586\n",
      "979849    0.021659\n",
      "983500    0.005916\n",
      "Length: 95, dtype: float64\n"
     ]
    }
   ],
   "source": [
    "print(df_uniformly_random[\"CMC\"] / df_uniformly_random[\"Water\"])"
   ]
  }
 ],
 "metadata": {
  "kernelspec": {
   "display_name": ".venv (3.12.0)",
   "language": "python",
   "name": "python3"
  },
  "language_info": {
   "codemirror_mode": {
    "name": "ipython",
    "version": 3
   },
   "file_extension": ".py",
   "mimetype": "text/x-python",
   "name": "python",
   "nbconvert_exporter": "python",
   "pygments_lexer": "ipython3",
   "version": "3.12.0"
  }
 },
 "nbformat": 4,
 "nbformat_minor": 5
}
